inner_mouth = [78,191,80,81,82,13,312,311,310,415,308,324,318,402,317,14,87,178,88,95]
middle_mouth = [11,302,303,304,408,292,307,320,404,315,16,85,180,90,77,76,184,74,73,72]
outer_mouth = [0,267,269,270,409,291,375,321,405,314,17,84,181,91,146,61,185,40,39,37]
nose = [1,4,5,195,197,6,168]
left_eye = [159,145,33,133,153,144,159]
right_eye = [386,374,263,362,382,373,386]
left_eye_arch = [225, 224, 223, 222, 221]
right_eye_arch = [445,444,443,442,441]
left_eyebrow = [285,295,282,283,276,293,334,296,336]
right_eyebrow = [55,107,66,105,63,46,53,52,65]
forehead_all = [69,66,107,108,151,9,8,336,337,299,296]
forehead_outline = [103,104,105,65,55,193,168,417,285,295,334,333,332,297,338,10,109,67]
face_contour = [152,148,176,149,150,136,172,58,132,93,234,127,162,21,54,103,67,109,10,338,297,332,284,251,389,356,454,323,361,288,397,365,379,378,400,377]